function [c,ceq]=nlcon(x)
         
c=x'*[0.000222906183019336,0.000160127532172206,0.000141288462875321;0.000160127532172206,0.000326825131443217,0.000143368102842360;0.000141288462875321,0.000143368102842360,0.000171441993347978]*x-0.0004;
ceq=[];
end